$MPI_FEM
1
$MPI_FRE
1
$LU_NPROW
1
$LU_NPCOL
1
$BOUNDARY_CONDITION
1
//1-Dirichlet
//2-Newman
$PHYSICAL_AREA_COND
2
1    0.0000000001
2    0.01
$END_PHY
$FREQUENCY
1
1   10.0
$END_FREQUENCY
$COLLECT_POINT_XYZ
101
1	-1000	0	0
2	-980	0	0
3	-960	0	0
4	-940	0	0
5	-920	0	0
6	-900	0	0
7	-880	0	0
8	-860	0	0
9	-840	0	0
10	-820	0	0
11	-800	0	0
12	-780	0	0
13	-760	0	0
14	-740	0	0
15	-720	0	0
16	-700	0	0
17	-680	0	0
18	-660	0	0
19	-640	0	0
20	-620	0	0
21	-600	0	0
22	-580	0	0
23	-560	0	0
24	-540	0	0
25	-520	0	0
26	-500	0	0
27	-480	0	0
28	-460	0	0
29	-440	0	0
30	-420	0	0
31	-400	0	0
32	-380	0	0
33	-360	0	0
34	-340	0	0
35	-320	0	0
36	-300	0	0
37	-280	0	0
38	-260	0	0
39	-240	0	0
40	-220	0	0
41	-200	0	0
42	-180	0	0
43	-160	0	0
44	-140	0	0
45	-120	0	0
46	-100	0	0
47	-80	0	0
48	-60	0	0
49	-40	0	0
50	-20	0	0
51	0	0	0
52	20	0	0
53	40	0	0
54	60	0	0
55	80	0	0
56	100	0	0
57	120	0	0
58	140	0	0
59	160	0	0
60	180	0	0
61	200	0	0
62	220	0	0
63	240	0	0
64	260	0	0
65	280	0	0
66	300	0	0
67	320	0	0
68	340	0	0
69	360	0	0
70	380	0	0
71	400	0	0
72	420	0	0
73	440	0	0
74	460	0	0
75	480	0	0
76	500	0	0
77	520	0	0
78	540	0	0
79	560	0	0
80	580	0	0
81	600	0	0
82	620	0	0
83	640	0	0
84	660	0	0
85	680	0	0
86	700	0	0
87	720	0	0
88	740	0	0
89	760	0	0
90	780	0	0
91	800	0	0
92	820	0	0
93	840	0	0
94	860	0	0
95	880	0	0
96	900	0	0
97	920	0	0
98	940	0	0
99	960	0	0
100	980	0	0
101	1000	0	0
$END_COLLECT
$BACK_GROUND
$LAYER_DEPTH_CONDUCTION
2
1      20000   0.0000000001
2      20000   0.01
$END_BACK_GROUND
