$MPI_FEM
1
$MPI_FRE
1
$LU_NPROW
1
$LU_NPCOL
1
$BOUNDARY_CONDITION
1
//1-Dirichlet
//2-Newman
$PHYSICAL_AREA_COND
3
1    0.0000000001
2    0.01
3    2.0
$END_PHY
$FREQUENCY
2
1   0.1
2   10.0
$END_FREQUENCY
$COLLECT_POINT_XYZ
61
1	3000	0	0
2	2900	0	0
3	2800	0	0
4	2700	0	0
5	2600	0	0
6	2500	0	0
7	2400	0	0
8	2300	0	0
9	2200	0	0
10	2100	0	0
11	2000	0	0
12	1900	0	0
13	1800	0	0
14	1700	0	0
15	1600	0	0
16	1500	0	0
17	1400	0	0
18	1300	0	0
19	1200	0	0
20	1100	0	0
21	1000	0	0
22	900	0	0
23	800	0	0
24	700	0	0
25	600	0	0
26	500	0	0
27	400	0	0
28	300	0	0
29	200	0	0
30	100	0	0
31	0	0	0
32	0	100	0
33	0	200	0
34	0	300	0
35	0	400	0
36	0	500	0
37	0	600	0
38	0	700	0
39	0	800	0
40	0	900	0
41	0	1000	0
42	0	1100	0
43	0	1200	0
44	0	1300	0
45	0	1400	0
46	0	1500	0
47	0	1600	0
48	0	1700	0
49	0	1800	0
50	0	1900	0
51	0	2000	0
52	0	2100	0
53	0	2200	0
54	0	2300	0
55	0	2400	0
56	0	2500	0
57	0	2600	0
58	0	2700	0
59	0	2800	0
60	0	2900	0
61	0	3000	0
$END_COLLECT
$BACK_GROUND
$LAYER_DEPTH_CONDUCTION
2
1      30000   0.0000000001
2      50000   0.01
$END_BACK_GROUND
